0    0
1    0
2    0
3    0
4    0
5    0
6    0
7    0
8    0
9    0
10    0
11    0
12    0
13    0
14    0
15    0
16    1
17    1
18    2
19    2
20    2
21    3
22    3
23    4
24    5
25    5
26    5
27    7
28    8
29    10
30    10
31    10
32    10
33    11
34    14
35    14
36    14
37    15
38    16
39    18
40    18
41    19
42    19
43    19
44    20
45    20
46    20
47    20
48    20
49    21
50    21
51    21
52    22
53    22
54    23
55    24
56    25
57    26
58    27
59    28
60    29
61    29
62    29
63    29
64    30
65    31
66    32
67    34
68    35
69    36
70    36
71    36
72    36
73    37
74    38
75    39
76    39
77    40
78    41
79    44
80    44
81    44
82    44
83    44
84    45
85    47
86    47
87    47
88    47
89    47
90    48
91    48
92    48
93    49
94    49
95    49
96    50
97    50
98    50
99    51
100    51
101    53
102    54
103    56
104    58
105    61
106    62
107    62
108    62
109    62
110    63
111    63
112    64
113    65
114    65
115    66
116    66
117    67
118    67
119    67
120    68
121    68
122    69
123    70
124    70
125    71
126    71
127    71
128    71
129    72
130    73
131    73
132    73
133    74
134    74
135    74
136    75
137    79
138    79
139    79
140    79
141    80
142    80
143    82
144    82
145    82
146    83
147    84
148    85
149    86
150    86
151    87
152    87
153    87
154    88
155    89
156    90
157    90
158    90
159    91
160    91
161    91
162    92
163    93
164    94
165    94
166    95
167    95
168    95
169    95
170    95
171    97
172    97
173    98
174    98
175    99
176    100
177    98
178    97
179    95
180    95
181    95
182    96
183    95
184    92
185    92
186    94
187    94
188    93
189    91
190    92
191    92
192    93
193    95
194    97
195    98
196    98
197    98
198    99
199    99
200    99
201    99
202    99
203    100
204    99
205    98
206    97
207    97
208    97
209    97
210    96
211    96
212    98
213    98
214    97
215    96
216    95
217    93
218    94
219    94
220    94
221    94
222    98
223    98
224    98
225    97
226    99
227    98
228    97
229    96
230    97
231    98
232    98
233    98
234    97
235    95
236    95
237    97
238    97
239    97
240    96
241    96
242    97
243    97
244    98
245    98
246    97
247    98
248    101
249    100
250    100
251    99
252    98
253    97
254    96
255    93
256    93
257    94
258    96
259    96
260    95
261    95
262    94
263    93
264    93
265    93
266    94
267    95
268    95
269    97
270    97
271    97
272    97
273    97
274    97
275    97
276    99
277    100
278    101
279    100
280    101
281    101
282    101
283    101
284    101
285    101
286    100
287    97
288    98
289    99
290    99
291    98
292    98
293    96
294    96
295    97
296    97
297    96
298    97
299    98
300    99
301    100
302    100
303    101
304    100
305    99
306    98
307    98
308    98
309    97
310    97
311    98
312    97
313    97
314    99
315    100
316    98
317    99
318    99
319    102
320    102
321    99
322    100
323    98
324    97
325    97
326    96
327    96
328    97
329    97
330    98
331    98
332    98
333    99
334    99
335    99
336    98
337    97
338    97
339    99
340    98
341    98
342    97
343    96
344    95
345    96
346    96
347    96
348    95
349    97
350    99
351    101
352    100
353    99
354    99
355    100
356    100
357    100
358    100
359    99
360    99
361    99
362    98
363    99
364    99
365    101
366    102
367    102
368    102
369    101
370    101
371    102
372    98
373    98
374    97
375    98
376    96
377    96
378    96
379    96
380    95
381    95
382    95
383    95
384    95
385    97
386    98
387    96
388    96
389    97
390    98
391    99
392    98
393    98
394    98
395    98
396    100
397    99
398    96
399    96
400    98
401    98
402    99
403    100
404    100
405    100
406    99
407    99
408    98
409    100
410    100
411    101
412    101
413    102
414    103
415    102
416    102
417    100
418    102
419    100
420    99
421    100
422    99
423    98
424    98
425    99
426    97
427    97
428    97
429    101
430    99
431    99
432    99
433    100
434    100
435    100
436    100
437    99
438    99
439    100
440    100
441    102
442    102
443    104
444    104
445    103
446    102
447    106
448    104
449    102
450    102
451    100
452    100
453    99
454    100
455    100
456    100
457    101
458    101
459    101
460    102
461    101
462    101
463    100
464    97
465    97
466    98
467    97
468    97
469    94
470    97
471    97
472    98
473    100
474    102
475    102
476    103
477    103
478    102
479    103
480    103
481    103
482    102
483    103
484    103
485    104
486    103
487    104
488    105
489    103
490    103
491    103
492    104
493    104
494    102
495    100
496    102
497    103
498    103
499    101
500    100
501    98
502    100
503    100
504    101
505    100
506    101
507    101
508    100
509    101
510    101
511    103
512    102
513    102
514    103
515    101
516    101
517    103
518    102
519    102
520    103
521    102
522    103
523    102
524    102
525    102
526    105
527    105
528    106
529    105
530    105
531    104
532    104
533    104
534    105
535    103
536    102
537    102
538    103
539    103
540    102
541    102
542    105
543    105
544    105
545    105
546    106
547    106
548    107
549    108
550    107
551    106
552    106
553    104
554    104
555    104
556    104
557    104
558    103
559    102
560    102
561    102
562    103
563    102
564    105
565    105
566    105
567    105
568    103
569    104
570    104
571    103
572    103
573    103
574    103
575    101
576    101
577    101
578    101
579    97
580    97
581    99
582    100
583    99
584    99
585    99
586    100
587    102
588    101
589    102
590    103
591    102
592    102
593    102
594    102
595    104
596    106
597    102
598    102
599    103
600    102
601    102
602    102
603    103
604    103
605    103
606    103
607    103
608    104
609    104
610    103
611    103
612    104
613    105
614    106
615    106
616    105
617    106
618    106
619    108
620    105
621    105
622    103
623    102
624    100
625    99
626    99
627    99
628    99
629    101
630    101
631    102
632    103
633    101
634    101
635    100
636    102
637    101
638    100
639    102
640    102
641    102
642    101
643    100
644    102
645    102
646    101
647    100
648    100
649    99
650    100
651    100
652    99
653    100
654    99
655    100
656    100
657    99
658    100
659    99
660    101
661    99
662    99
663    99
664    99
665    100
666    100
667    98
668    99
669    99
670    99
671    99
672    98
673    99
674    99
675    98
676    97
677    97
678    97
679    97
680    98
681    98
682    99
683    99
684    98
685    100
686    100
687    100
688    99
689    98
690    98
691    97
692    94
693    95
694    96
695    97
696    95
697    96
698    95
699    95
700    94
701    95
702    94
703    96
704    98
705    98
706    99
707    98
708    99
709    98
710    99
711    99
712    99
713    99
714    96
715    97
716    97
717    97
718    97
719    97
720    99
721    100
722    100
723    100
724    100
725    101
726    101
727    101
728    101
729    102
730    102
731    101
732    101
733    101
734    101
735    103
736    102
737    101
738    101
739    100
740    100
741    99
742    99
743    97
744    97
745    95
746    94
747    94
748    95
749    97
750    97
751    99
752    99
753    99
754    100
755    100
756    100
757    101
758    100
759    100
760    102
761    102
762    101
763    100
764    99
765    99
766    100
767    99
768    99
769    99
770    99
771    100
772    101
773    100
774    101
775    102
776    101
777    102
778    104
779    101
780    100
781    99
782    98
783    99
784    99
785    100
786    98
787    100
788    100
789    98
790    98
791    97
792    98
793    100
794    99
795    100
796    99
797    102
798    104
799    104
800    102
801    103
802    102
803    103
804    103
805    102
806    102
807    103
808    102
809    102
810    100
811    101
812    102
813    101
814    101
815    101
816    100
817    102
818    100
819    100
820    100
821    101
822    102
823    101
824    103
825    103
826    102
827    102
828    101
829    101
830    101
831    102
832    101
833    101
834    102
835    101
836    101
837    102
838    103
839    104
840    105
841    106
842    108
843    107
844    106
845    105
846    105
847    104
848    104
849    103
850    104
851    103
852    103
853    101
854    98
855    99
856    99
857    101
858    102
859    103
860    103
861    103
862    102
863    103
864    102
865    101
866    100
867    101
868    103
869    102
870    101
871    103
872    103
873    103
874    105
875    104
876    104
877    103
878    102
879    101
880    103
881    102
882    101
883    100
884    100
885    99
886    100
887    100
888    100
889    98
890    99
891    100
892    102
893    103
894    103
895    105
896    105
897    105
898    104
899    102
900    103
901    101
902    101
903    100
904    98
905    98
906    98
907    96
908    96
909    97
910    96
911    96
912    96
913    96
914    98
915    99
916    99
917    101
918    100
919    98
920    99
921    99
922    100
923    100
924    100
925    99
926    99
927    99
928    98
929    98
930    99
931    99
932    100
933    99
934    99
935    99
936    100
937    98
938    99
939    100
940    100
941    101
942    102
943    101
944    100
945    99
946    99
947    98
948    96
949    96
950    96
951    95
952    96
953    94
954    94
955    95
956    95
957    95
958    96
959    97
960    100
961    99
962    99
963    101
964    101
965    100
966    102
967    100
968    101
969    101
970    101
971    100
972    99
973    99
974    99
975    99
976    99
977    99
978    99
979    98
980    97
981    97
982    97
983    97
984    97
985    97
986    98
987    97
988    97
989    96
990    95
991    95
992    95
993    94
994    94
995    95
996    96
997    97
998    97
999    97
1000    97
1001    99
1002    101
1003    102
1004    104
1005    104
1006    105
1007    103
1008    101
1009    100
1010    99
1011    98
1012    99
1013    98
1014    98
1015    98
1016    98
1017    98
1018    97
1019    97
1020    98
1021    95
1022    95
1023    95
1024    95
1025    95
1026    95
1027    95
1028    96
1029    96
1030    94
1031    97
1032    97
1033    97
1034    99
1035    100
1036    100
1037    99
1038    99
1039    99
1040    100
1041    100
1042    99
1043    98
1044    99
1045    97
1046    97
1047    97
1048    98
1049    98
1050    97
1051    97
1052    98
1053    98
1054    99
1055    100
1056    101
1057    101
1058    102
1059    103
1060    102
1061    103
1062    105
1063    105
1064    103
1065    101
1066    101
1067    100
1068    101
1069    101
1070    101
1071    103
1072    101
1073    101
1074    101
1075    101
1076    101
1077    102
1078    101
1079    103
1080    103
1081    104
1082    103
1083    103
1084    104
1085    103
1086    103
1087    103
1088    102
1089    101
1090    101
1091    100
1092    100
1093    100
1094    101
1095    103
1096    103
1097    101
1098    101
1099    103
1100    103
1101    104
1102    103
1103    104
1104    106
1105    107
1106    107
1107    107
1108    107
1109    107
1110    104
1111    104
1112    104
1113    102
1114    101
1115    101
1116    99
1117    100
1118    99
1119    99
1120    99
1121    99
1122    101
1123    103
1124    101
1125    101
1126    101
1127    102
1128    103
1129    104
1130    105
1131    105
1132    105
1133    105
1134    106
1135    105
1136    104
1137    104
1138    104
1139    104
1140    106
1141    105
1142    105
1143    106
1144    105
1145    104
1146    102
1147    102
1148    102
1149    102
1150    101
1151    100
1152    100
1153    100
1154    99
1155    99
1156    97
1157    97
1158    99
1159    99
1160    99
1161    101
1162    100
1163    102
1164    103
1165    104
1166    104
1167    104
1168    103
1169    103
1170    101
1171    101
1172    101
1173    102
1174    101
1175    102
1176    102
1177    103
1178    103
1179    103
1180    103
1181    102
1182    103
1183    104
1184    103
1185    101
1186    101
1187    101
1188    102
1189    103
1190    101
1191    100
1192    99
1193    100
1194    100
1195    100
1196    99
1197    99
1198    99
1199    98
1200    98
1201    98
1202    97
1203    98
1204    99
1205    100
1206    99
1207    99
1208    98
1209    96
1210    98
1211    99
1212    98
1213    98
1214    98
1215    99
1216    100
1217    99
1218    101
1219    103
1220    104
1221    101
1222    101
1223    101
1224    100
1225    100
1226    101
1227    100
1228    100
1229    98
1230    97
1231    96
1232    96
1233    98
1234    97
1235    97
1236    97
1237    98
1238    99
1239    99
1240    100
1241    100
1242    98
1243    98
1244    100
1245    99
1246    100
1247    100
1248    101
1249    100
1250    101
1251    100
1252    101
1253    102
1254    100
1255    99
1256    99
1257    98
1258    97
1259    97
1260    97
1261    98
1262    97
1263    97
1264    99
1265    100
1266    100
1267    100
1268    100
1269    100
1270    100
1271    101
1272    99
1273    98
1274    100
1275    100
1276    99
1277    99
1278    98
1279    97
1280    97
1281    97
1282    98
1283    98
1284    96
1285    97
1286    99
1287    99
1288    100
1289    101
1290    99
1291    99
1292    97
1293    96
1294    97
1295    97
1296    98
1297    98
1298    99
1299    100
1300    101
1301    100
1302    99
1303    98
1304    98
1305    97
1306    98
1307    99
1308    97
1309    97
1310    99
1311    97
1312    99
1313    97
1314    96
1315    96
1316    97
1317    96
1318    98
1319    98
1320    98
1321    98
1322    99
1323    98
1324    97
1325    97
1326    97
1327    96
1328    97
1329    98
1330    98
1331    96
1332    95
1333    94
1334    93
1335    94
1336    95
1337    97
1338    96
1339    97
1340    96
1341    96
1342    97
1343    97
1344    97
1345    98
1346    99
1347    100
1348    100
1349    100
1350    100
1351    100
1352    100
1353    99
1354    98
1355    96
1356    96
1357    98
1358    100
1359    101
1360    99
1361    97
1362    97
1363    98
1364    99
1365    99
1366    98
1367    98
1368    95
1369    94
1370    93
1371    93
1372    93
1373    95
1374    95
1375    95
1376    95
1377    94
1378    94
1379    94
1380    94
1381    95
1382    97
1383    95
1384    97
1385    97
1386    97
1387    98
1388    99
1389    99
1390    99
1391    99
1392    101
1393    102
1394    99
1395    99
1396    99
1397    99
1398    98
1399    97
1400    96
1401    96
1402    96
1403    94
1404    94
1405    93
1406    93
1407    94
1408    95
1409    96
1410    96
1411    97
1412    98
1413    99
1414    98
1415    97
1416    97
1417    96
1418    99
1419    99
1420    99
1421    98
1422    98
1423    97
1424    95
1425    97
1426    98
1427    97
1428    98
1429    98
1430    97
1431    96
1432    95
1433    95
1434    95
1435    95
1436    94
1437    95
1438    93
1439    93
1440    93
1441    93
1442    94
1443    94
1444    94
1445    95
1446    96
1447    95
1448    96
1449    97
1450    97
1451    97
1452    96
1453    96
1454    96
1455    96
1456    95
1457    95
1458    97
1459    98
1460    97
1461    97
1462    96
1463    98
1464    98
1465    97
1466    96
1467    96
1468    94
1469    96
1470    96
1471    97
1472    96
1473    97
1474    98
1475    97
1476    97
1477    98
1478    97
1479    97
1480    99
1481    99
1482    99
1483    100
1484    100
1485    100
1486    98
1487    97
1488    98
1489    96
1490    97
1491    98
1492    97
1493    97
1494    97
1495    96
1496    95
1497    95
1498    94
1499    97
1500    98
1501    98
1502    98
1503    98
1504    97
1505    97
1506    99
1507    98
1508    96
1509    95
1510    97
1511    99
1512    98
1513    98
1514    97
1515    96
1516    96
1517    96
1518    99
1519    98
1520    99
1521    100
1522    100
1523    99
1524    100
1525    101
1526    100
1527    100
1528    102
1529    103
1530    103
1531    102
1532    100
1533    100
1534    99
1535    99
1536    99
1537    97
1538    96
1539    96
1540    95
1541    97
1542    95
1543    93
1544    95
1545    96
1546    96
1547    96
1548    98
1549    100
1550    101
1551    101
1552    102
1553    102
1554    103
1555    103
1556    102
1557    101
1558    100
1559    98
1560    99
1561    97
1562    97
1563    96
1564    95
1565    95
1566    96
1567    98
1568    95
1569    96
1570    96
1571    97
1572    97
1573    98
1574    99
1575    98
1576    98
1577    99
1578    98
1579    99
1580    99
1581    100
1582    102
1583    102
1584    103
1585    103
1586    102
1587    101
1588    101
1589    100
1590    100
1591    100
1592    100
1593    100
1594    99
1595    98
1596    98
1597    98
1598    97
1599    95
1600    95
1601    96
1602    97
1603    98
1604    99
1605    102
1606    104
1607    104
1608    102
1609    102
1610    101
1611    102
1612    102
1613    101
1614    101
1615    101
1616    101
1617    102
1618    102
1619    100
1620    101
1621    100
1622    100
1623    99
1624    100
1625    100
1626    100
1627    99
1628    98
1629    98
1630    98
1631    99
1632    99
1633    98
1634    99
1635    100
1636    101
1637    101
1638    101
1639    103
1640    103
1641    103
1642    103
1643    102
1644    101
1645    102
1646    102
1647    101
1648    102
1649    99
1650    98
1651    98
1652    100
1653    100
1654    100
1655    102
1656    100
1657    99
1658    100
1659    101
1660    101
1661    103
1662    103
1663    103
1664    104
1665    104
1666    104
1667    104
1668    102
1669    102
1670    100
1671    99
1672    100
1673    100
1674    99
1675    98
1676    98
1677    98
1678    98
1679    97
1680    97
1681    99
1682    100
1683    102
1684    102
1685    102
1686    101
1687    101
1688    102
1689    104
1690    105
1691    104
1692    105
1693    105
1694    104
1695    102
1696    103
1697    103
1698    103
1699    102
1700    101
1701    101
1702    99
1703    99
1704    99
1705    99
1706    100
1707    102
1708    103
1709    104
1710    103
1711    103
1712    102
1713    102
1714    102
1715    103
1716    103
1717    101
1718    101
1719    102
1720    102
1721    102
1722    103
1723    102
1724    101
1725    101
1726    103
1727    102
1728    102
1729    101
1730    104
1731    103
1732    101
1733    101
1734    100
1735    100
1736    100
1737    101
1738    104
1739    104
1740    104
1741    104
1742    104
1743    105
1744    106
1745    106
1746    105
1747    105
1748    105
1749    105
1750    104
1751    104
1752    105
1753    105
1754    103
1755    100
1756    98
1757    97
1758    98
1759    98
1760    98
1761    99
1762    100
1763    100
1764    100
1765    100
1766    102
1767    101
1768    102
1769    105
1770    104
1771    104
1772    105
1773    105
1774    103
1775    104
1776    104
1777    105
1778    105
1779    104
1780    102
1781    103
1782    103
1783    103
1784    103
1785    102
1786    101
1787    101
1788    101
1789    100
1790    99
1791    98
1792    98
1793    98
1794    99
1795    99
1796    99
1797    100
1798    101
1799    102
1800    102
1801    102
1802    101
1803    101
1804    102
1805    100
1806    100
1807    100
1808    99
1809    99
1810    97
1811    93
1812    95
1813    95
1814    96
1815    97
1816    97
1817    98
1818    99
1819    99
1820    99
1821    99
1822    99
1823    99
1824    99
1825    101
1826    104
1827    104
1828    102
1829    103
1830    103
1831    101
1832    101
1833    100
1834    101
1835    101
1836    101
1837    101
1838    99
1839    97
1840    97
1841    96
1842    95
1843    96
1844    96
1845    96
1846    94
1847    94
1848    94
1849    95
1850    97
1851    100
1852    101
1853    101
1854    101
1855    101
1856    101
1857    100
1858    99
1859    100
1860    100
1861    100
1862    101
1863    101
1864    101
1865    100
1866    100
1867    101
1868    102
1869    100
1870    100
1871    99
1872    98
1873    98
1874    99
1875    98
1876    95
1877    96
1878    97
1879    99
1880    97
1881    97
1882    97
1883    98
1884    99
1885    98
1886    99
1887    98
1888    95
1889    96
1890    97
1891    99
1892    100
1893    99
1894    99
1895    100
1896    100
1897    100
1898    101
1899    101
1900    102
1901    102
1902    100
1903    99
1904    99
1905    99
1906    99
1907    99
1908    98
1909    98
1910    98
1911    96
1912    94
1913    94
1914    96
1915    98
1916    97
1917    97
1918    97
1919    94
1920    94
1921    95
1922    96
1923    98
1924    98
1925    99
1926    99
1927    98
1928    98
1929    99
1930    99
1931    97
1932    97
1933    98
1934    98
1935    98
1936    98
1937    97
1938    98
1939    98
1940    99
1941    99
1942    99
1943    100
1944    99
1945    99
1946    100
1947    100
1948    98
1949    98
1950    98
1951    98
1952    98
1953    99
1954    99
1955    99
1956    101
1957    101
1958    104
1959    104
1960    104
1961    105
1962    105
1963    104
1964    103
1965    102
1966    101
1967    101
1968    99
1969    100
1970    100
1971    100
1972    99
1973    98
1974    101
1975    99
1976    98
1977    98
1978    98
1979    97
1980    98
1981    98
1982    97
1983    96
1984    94
1985    94
1986    96
1987    97
1988    98
1989    100
1990    99
1991    102
1992    102
1993    102
1994    101
1995    101
1996    101
1997    101
1998    99
1999    100
2000    98
2001    95
2002    94
2003    97
2004    97
2005    98
2006    97
2007    97
2008    99
2009    98
2010    98
2011    98
2012    97
2013    97
2014    97
2015    97
2016    96
2017    97
2018    96
2019    97
2020    96
2021    96
2022    97
2023    97
2024    97
2025    99
2026    100
2027    100
2028    100
2029    98
2030    100
2031    101
2032    101
2033    100
2034    100
2035    102
2036    103
2037    103
2038    103
2039    102
2040    101
2041    99
2042    98
2043    99
2044    98
2045    97
2046    96
2047    97
2048    96
2049    99
2050    99
2051    98
2052    99
2053    101
2054    101
2055    102
2056    102
2057    102
2058    103
2059    103
2060    103
2061    103
2062    103
2063    103
2064    102
2065    101
2066    100
2067    100
2068    99
2069    99
2070    99
2071    99
2072    99
2073    97
2074    97
2075    97
2076    98
2077    98
2078    99
2079    98
2080    100
2081    100
2082    100
2083    101
2084    100
2085    100
2086    100
2087    100
2088    99
2089    99
2090    100
2091    101
2092    101
2093    101
2094    102
2095    102
2096    102
2097    101
2098    102
2099    102
2100    102
2101    102
2102    101
2103    100
2104    100
2105    101
2106    100
2107    100
2108    98
2109    97
2110    99
2111    98
2112    96
2113    96
2114    95
2115    96
2116    98
2117    97
2118    97
2119    97
2120    98
2121    99
2122    100
2123    101
2124    99
2125    99
2126    97
2127    98
2128    99
2129    99
2130    99
2131    101
2132    101
2133    102
2134    102
2135    104
2136    102
2137    102
2138    102
2139    102
2140    104
2141    101
2142    101
2143    100
2144    100
2145    101
2146    102
2147    103
2148    103
2149    101
2150    101
2151    102
2152    102
2153    101
2154    102
2155    102
2156    102
2157    102
2158    100
2159    99
2160    100
2161    100
2162    100
2163    100
2164    100
2165    101
2166    101
2167    100
2168    100
2169    102
2170    102
2171    103
2172    103
2173    104
2174    104
2175    104
2176    104
2177    104
2178    103
2179    103
2180    101
2181    101
2182    101
2183    103
2184    102
2185    100
2186    99
2187    100
2188    100
2189    100
2190    100
2191    101
2192    100
2193    99
2194    99
2195    99
2196    100
2197    99
2198    99
2199    96
2200    95
2201    97
2202    96
2203    94
2204    94
2205    95
2206    97
2207    97
2208    96
2209    96
2210    97
2211    97
2212    99
2213    99
2214    99
2215    99
2216    100
2217    101
2218    103
2219    103
2220    103
2221    102
2222    100
2223    102
2224    103
2225    101
2226    102
2227    103
2228    104
2229    105
2230    103
2231    103
2232    104
2233    102
2234    102
2235    101
2236    101
2237    102
2238    102
2239    102
2240    102
2241    101
2242    103
2243    102
2244    101
2245    100
2246    99
2247    99
2248    99
2249    99
2250    99
2251    99
2252    100
2253    101
2254    101
2255    102
2256    101
2257    102
2258    102
2259    102
2260    101
2261    101
2262    102
2263    103
2264    104
2265    103
2266    102
2267    103
2268    103
2269    103
2270    102
2271    102
2272    103
2273    103
2274    102
2275    102
2276    102
2277    101
2278    101
2279    101
2280    100
2281    99
2282    100
2283    99
2284    99
2285    98
2286    99
2287    98
2288    97
2289    97
2290    96
2291    96
2292    96
2293    96
2294    98
2295    99
2296    98
2297    99
2298    99
2299    99
2300    99
2301    98
2302    99
2303    97
2304    96
2305    96
2306    96
2307    95
2308    97
2309    98
2310    98
2311    98
2312    101
2313    102
2314    103
2315    102
2316    102
2317    103
2318    103
2319    100
2320    101
2321    101
2322    100
2323    99
2324    98
2325    96
2326    95
2327    94
2328    94
2329    94
2330    93
2331    92
2332    96
2333    94
2334    94
2335    95
2336    94
2337    94
2338    95
2339    95
2340    97
2341    97
2342    97
2343    98
2344    98
2345    98
2346    97
2347    97
2348    97
2349    97
2350    98
2351    97
2352    98
2353    101
2354    102
2355    101
2356    100
2357    101
2358    103
2359    102
2360    102
2361    103
2362    101
2363    101
2364    101
2365    100
2366    101
2367    100
2368    99
2369    99
2370    99
2371    101
2372    101
2373    99
2374    98
2375    98
2376    96
2377    95
2378    93
2379    92
2380    95
2381    95
2382    97
2383    97
2384    97
2385    97
2386    98
2387    97
2388    97
2389    97
2390    95
2391    95
2392    95
2393    96
2394    97
2395    97
2396    97
2397    100
2398    99
2399    99
2400    99
2401    99
2402    98
2403    98
2404    97
2405    96
2406    96
2407    95
2408    94
2409    94
2410    94
2411    95
2412    97
2413    97
2414    98
2415    98
2416    98
2417    97
2418    97
2419    97
2420    98
2421    98
2422    96
2423    95
2424    96
2425    97
2426    97
2427    98
2428    98
2429    101
2430    103
2431    102
2432    101
2433    101
2434    102
2435    102
2436    103
2437    103
2438    103
2439    101
2440    101
2441    101
2442    101
2443    101
2444    100
2445    100
2446    102
2447    100
2448    100
2449    99
2450    100
2451    100
2452    99
2453    100
2454    100
2455    99
2456    100
2457    100
2458    98
2459    99
2460    100
2461    101
2462    98
2463    97
2464    97
2465    99
2466    100
2467    99
2468    99
2469    102
2470    101
2471    100
2472    101
2473    102
2474    103
2475    103
2476    103
2477    104
2478    104
2479    104
2480    105
2481    106
2482    102
2483    102
2484    102
2485    102
2486    102
2487    101
2488    101
2489    102
2490    102
2491    102
2492    104
2493    103
2494    103
2495    103
2496    103
2497    104
2498    105
2499    105
2500    105
2501    104
2502    103
2503    101
2504    100
2505    99
2506    98
2507    98
2508    98
2509    98
2510    97
2511    96
2512    96
2513    95
2514    96
2515    97
2516    97
2517    99
2518    98
2519    98
2520    98
2521    96
2522    98
2523    98
2524    98
2525    98
2526    99
2527    101
2528    101
2529    102
2530    100
2531    101
2532    99
2533    99
2534    100
2535    100
2536    99
2537    101
2538    100
2539    99
2540    100
2541    101
2542    101
2543    100
2544    100
2545    101
2546    101
2547    98
2548    98
2549    98
2550    98
2551    98
2552    99
2553    99
2554    100
2555    99
2556    101
2557    102
2558    102
2559    102
2560    102
2561    101
2562    100
2563    99
2564    97
2565    97
2566    98
2567    98
2568    98
2569    97
2570    96
2571    95
2572    97
2573    98
2574    97
2575    96
2576    96
2577    96
2578    97
2579    95
2580    94
2581    95
2582    95
2583    95
2584    94
2585    96
2586    95
2587    97
2588    98
2589    98
2590    98
2591    99
2592    100
2593    100
2594    100
2595    99
2596    97
2597    98
2598    98
2599    98
2600    97
2601    98
2602    98
2603    99
2604    98
2605    99
2606    100
2607    102
2608    102
2609    101
2610    99
2611    99
2612    99
2613    100
2614    100
2615    98
2616    99
2617    99
2618    100
2619    97
2620    98
2621    98
2622    98
2623    97
2624    96
2625    96
2626    96
2627    95
2628    95
2629    97
2630    98
2631    98
2632    99
2633    99
2634    99
2635    99
2636    100
2637    101
2638    102
2639    102
2640    100
2641    99
2642    99
2643    99
2644    99
2645    101
2646    102
2647    103
2648    101
2649    101
2650    100
2651    100
2652    101
2653    100
2654    102
2655    104
2656    104
2657    104
2658    103
2659    103
2660    103
2661    103
2662    105
2663    106
2664    104
2665    103
2666    101
2667    99
2668    100
2669    100
2670    101
2671    101
2672    100
2673    100
2674    101
2675    102
2676    102
2677    101
2678    101
2679    101
2680    100
2681    101
2682    100
2683    102
2684    103
2685    103
2686    103
2687    101
2688    102
2689    104
2690    103
2691    102
2692    101
2693    101
2694    100
2695    99
2696    100
2697    101
2698    102
2699    102
2700    104
2701    105
2702    105
2703    104
2704    104
2705    105
2706    103
2707    102
2708    102
2709    102
2710    101
2711    101
2712    99
2713    99
2714    99
2715    99
2716    98
2717    99
2718    100
2719    103
2720    107
2721    108
2722    106
2723    107
2724    107
2725    107
2726    107
2727    107
2728    106
2729    105
2730    104
2731    103
2732    103
2733    103
2734    103
2735    101
2736    103
2737    101
2738    101
2739    102
2740    101
2741    102
2742    101
2743    103
2744    102
2745    102
2746    102
2747    101
2748    101
2749    102
2750    103
2751    102
2752    102
2753    100
2754    103
2755    103
2756    102
2757    100
2758    100
2759    99
2760    101
2761    100
2762    101
2763    101
2764    100
2765    101
2766    100
2767    100
2768    100
2769    100
2770    99
2771    100
2772    99
2773    100
2774    100
2775    100
2776    101
2777    103
2778    104
2779    102
2780    101
2781    101
2782    100
2783    100
2784    100
2785    99
2786    99
2787    98
2788    98
2789    98
2790    98
2791    99
2792    97
2793    97
2794    98
2795    97
2796    98
2797    96
2798    98
2799    98
2800    98
2801    98
2802    97
2803    99
2804    98
2805    96
2806    97
2807    97
2808    96
2809    97
2810    98
2811    98
2812    96
2813    95
2814    95
2815    95
2816    95
2817    97
2818    98
2819    98
2820    97
2821    98
2822    97
2823    98
2824    97
2825    96
2826    97
2827    97
2828    98
2829    100
2830    100
2831    100
2832    100
2833    99
2834    98
2835    98
2836    99
2837    100
2838    99
2839    99
2840    99
2841    100
2842    99
2843    100
2844    100
2845    100
2846    99
2847    99
2848    98
2849    97
2850    95
2851    94
2852    94
2853    95
2854    95
2855    94
2856    94
2857    97
2858    97
2859    98
2860    100
2861    100
2862    101
2863    102
2864    102
2865    102
2866    102
2867    103
2868    104
2869    103
2870    101
2871    100
2872    100
2873    98
2874    98
2875    98
2876    98
2877    97
2878    96
2879    97
2880    98
2881    98
2882    98
2883    98
2884    101
2885    101
2886    99
2887    99
2888    98
2889    98
2890    99
2891    98
2892    100
2893    99
2894    100
2895    99
2896    99
2897    99
2898    100
2899    99
2900    101
2901    101
2902    101
2903    101
2904    98
2905    98
2906    97
2907    98
2908    100
2909    102
2910    101
2911    101
2912    101
2913    100
2914    100
2915    99
2916    99
2917    101
2918    101
2919    103
2920    103
2921    102
2922    103
2923    104
2924    105
2925    106
2926    105
2927    104
2928    104
2929    104
2930    103
2931    102
2932    102
2933    102
2934    103
2935    103
2936    103
2937    104
2938    103
2939    102
2940    102
2941    101
2942    103
2943    104
2944    104
2945    103
2946    102
2947    102
2948    102
2949    103
2950    104
2951    105
2952    106
2953    105
2954    104
2955    104
2956    106
2957    105
2958    105
2959    104
2960    104
2961    104
2962    105
2963    105
2964    105
2965    105
2966    106
2967    104
2968    103
2969    103
2970    105
2971    104
2972    105
2973    105
2974    105
2975    106
2976    104
2977    104
2978    103
2979    100
2980    100
2981    99
2982    100
2983    99
2984    98
2985    98
2986    101
2987    100
2988    102
2989    101
2990    101
2991    100
2992    101
2993    100
2994    102
2995    102
2996    103
2997    103
2998    103
2999    104
3000    106
3001    106
3002    105
3003    104
3004    103
3005    103
3006    104
3007    101
3008    101
3009    102
3010    101
3011    101
3012    101
3013    100
3014    101
3015    101
3016    101
3017    100
3018    99
3019    97
3020    95
3021    97
3022    99
3023    100
3024    100
3025    101
3026    101
3027    101
3028    103
3029    103
3030    104
3031    105
3032    106
3033    106
3034    104
3035    103
3036    102
3037    102
3038    102
3039    102
3040    101
3041    101
3042    99
3043    98
3044    97
3045    97
3046    97
3047    98
3048    98
3049    98
3050    96
3051    98
3052    98
3053    99
3054    99
3055    98
3056    99
3057    99
3058    97
3059    96
3060    95
3061    96
3062    98
3063    99
3064    99
3065    100
3066    99
3067    96
3068    95
3069    93
3070    93
3071    95
3072    96
3073    94
3074    94
3075    93
3076    93
3077    93
3078    94
3079    96
3080    97
3081    98
3082    99
3083    99
3084    98
3085    98
3086    97
3087    100
3088    100
3089    100
3090    101
3091    101
3092    99
3093    98
3094    97
3095    97
3096    97
3097    99
3098    97
3099    96
3100    96
3101    95
3102    94
3103    93
3104    94
3105    95
3106    93
3107    93
3108    95
3109    96
3110    95
3111    96
3112    95
3113    95
3114    96
3115    97
3116    97
3117    97
3118    96
3119    98
3120    96
3121    97
3122    96
3123    95
3124    96
3125    95
3126    97
3127    97
3128    97
3129    97
3130    99
3131    98
3132    98
3133    98
3134    100
3135    100
3136    96
3137    98
3138    96
3139    95
3140    96
3141    96
3142    95
3143    95
3144    93
3145    94
3146    93
3147    94
3148    97
3149    97
3150    96
3151    97
3152    97
3153    97
3154    97
3155    100
3156    99
3157    101
3158    101
3159    100
3160    99
3161    99
3162    99
3163    99
3164    98
3165    98
3166    98
3167    98
3168    98
3169    99
3170    99
3171    97
3172    96
3173    96
3174    99
3175    98
3176    98
3177    100
3178    100
3179    99
3180    98
3181    97
3182    96
3183    97
3184    96
3185    97
3186    97
3187    100
3188    101
3189    100
3190    100
3191    99
3192    99
3193    100
3194    102
3195    103
3196    103
3197    102
3198    103
3199    103
3200    102
3201    100
3202    100
3203    100
3204    100
3205    100
3206    100
3207    99
3208    101
3209    101
3210    102
3211    101
3212    98
3213    97
3214    98
3215    99
3216    100
3217    101
3218    101
3219    102
3220    105
3221    103
3222    101
3223    101
3224    101
3225    102
3226    102
3227    101
3228    99
3229    98
3230    99
3231    98
3232    99
3233    100
3234    100
3235    102
3236    102
3237    98
3238    97
3239    98
3240    97
3241    100
3242    101
3243    101
3244    102
3245    103
3246    102
3247    101
3248    102
3249    103
3250    103
3251    103
3252    103
3253    103
3254    102
3255    101
3256    101
3257    103
3258    102
3259    102
3260    102
3261    101
3262    102
3263    105
3264    104
3265    105
3266    104
3267    104
3268    104
3269    102
3270    103
3271    103
3272    103
3273    106
3274    105
3275    106
3276    105
3277    104
3278    105
3279    105
3280    104
3281    105
3282    104
3283    105
3284    103
3285    103
3286    103
3287    101
3288    102
3289    102
3290    101
3291    101
3292    103
3293    103
3294    104
3295    105
3296    107
3297    106
3298    103
3299    102
3300    101
3301    101
3302    101
3303    103
3304    104
3305    103
3306    103
3307    103
3308    103
3309    104
3310    104
3311    105
3312    104
3313    104
3314    104
3315    106
3316    105
3317    104
3318    103
3319    104
3320    104
3321    105
3322    104
3323    103
3324    100
3325    101
3326    101
3327    100
3328    98
3329    99
3330    98
3331    101
3332    102
3333    103
3334    105
3335    105
3336    105
3337    103
3338    104
3339    104
3340    104
3341    105
3342    105
3343    104
3344    104
3345    104
3346    104
3347    104
3348    103
3349    104
3350    104
3351    104
3352    105
3353    105
3354    105
3355    105
3356    104
3357    104
3358    102
3359    102
3360    101
3361    102
3362    103
3363    103
3364    102
3365    102
3366    105
3367    106
3368    107
3369    106
3370    103
3371    104
3372    104
3373    104
3374    104
3375    103
3376    104
3377    104
3378    104
3379    103
3380    102
3381    102
3382    102
3383    101
3384    101
3385    100
3386    102
3387    102
3388    102
3389    104
3390    105
3391    102
3392    101
3393    101
3394    100
3395    101
3396    101
3397    101
3398    100
3399    99
3400    98
3401    98
3402    99
3403    100
3404    101
3405    103
3406    104
3407    102
3408    103
3409    102
3410    102
3411    103
3412    103
3413    101
3414    101
3415    99
3416    99
3417    99
3418    100
3419    102
3420    103
3421    102
3422    102
3423    100
3424    100
3425    99
3426    99
3427    99
3428    98
3429    102
3430    101
3431    101
3432    101
3433    100
3434    102
3435    102
3436    102
3437    103
3438    102
3439    102
3440    102
3441    102
3442    100
3443    101
3444    100
3445    100
3446    99
3447    98
3448    98
3449    100
3450    100
3451    99
3452    100
3453    101
3454    100
3455    98
3456    99
3457    97
3458    99
3459    97
3460    97
3461    98
3462    99
3463    99
3464    99
3465    98
3466    100
3467    100
3468    100
3469    99
3470    99
3471    98
3472    99
3473    99
3474    99
3475    98
3476    100
3477    99
3478    99
3479    98
3480    98
3481    95
3482    95
3483    93
3484    92
3485    93
3486    93
3487    93
3488    91
3489    91
3490    94
3491    94
3492    95
3493    97
3494    95
3495    95
3496    96
3497    96
3498    96
3499    95
