0    0
1    0
2    0
3    4
4    0
5    7
6    0
7    2
8    12
9    1
10    4
11    8
12    0
13    0
14    4
15    5
16    3
17    0
18    1
19    0
20    0
21    0
22    4
23    1
24    5
25    7
26    5
27    0
28    4
29    1
30    0
31    1
32    3
33    0
34    1
35    0
36    1
37    0
38    1
39    0
40    0
41    1
42    2
43    1
44    4
45    2
46    0
47    1
48    0
49    1
50    2
51    0
52    5
53    5
54    2
55    0
56    7
57    0
58    0
59    0
60    0
61    3
62    0
63    0
64    0
65    2
66    2
67    2
68    0
69    0
70    0
71    3
72    1
73    0
74    7
75    1
76    0
77    7
78    0
79    4
80    4
81    0
82    0
83    1
84    3
85    9
86    3
87    7
88    0
89    1
90    10
91    2
92    2
93    0
94    4
95    0
96    3
97    3
98    0
99    0
100    2
101    3
102    4
103    0
104    2
105    7
106    1
107    2
108    0
109    1
110    0
111    1
112    3
113    5
