40    40
70    15
97    19
142    25.5
170    26
197    26.1667
215    25
260    27.5
296    28.4444
332    29.2
354    28.5455
393    29.4167
427    29.7692
474    31
508    31.2
538    31.125
560    30.5882
594    30.7778
637    31.4211
667    31.35
704    31.619
742    31.9091
764    31.4783
809    32.0417
847    32.28
890    32.6923
900    31.8519
944    32.2857
980    32.4138
1002    32.0667
1034    32.0645
1061    31.9062
1091    31.8485
1115    31.6176
1152    31.7714
1189    31.9167
1223    31.973
1252    31.8947
1290    32.0513
1319    31.975
1359    32.1707
1397    32.3095
1442    32.6047
1460    32.2727
1490    32.2222
1529    32.3696
1561    32.3617
1605    32.6042
1639    32.6327
1660    32.4
1699    32.5294
1715    32.2115
1743    32.1321
1768    32
1804    32.0727
1826    31.8929
1860    31.9298
1876    31.6552
1907    31.6441
1941    31.6833
1968    31.6066
1996    31.5484
2022    31.4603
2062    31.5938
2105    31.7692
2138    31.7879
2167    31.7463
2177    31.4265
2201    31.3188
2234    31.3429
2259    31.2535
2277    31.0694
2293    30.863
2334    31
2367    31.0267
2406    31.1316
2454    31.3506
2504    31.5897
2535    31.5823
2575    31.6875
2613    31.7654
2641    31.7195
2681    31.8193
2716    31.8571
2737    31.7294
2758    31.6047
2791    31.6207
2843    31.8523
2876    31.8652
2914    31.9333
2942    31.8901
2974    31.8913
2997    31.7957
3015    31.6489
3054    31.7263
3106    31.9375
3119    31.7423
3148    31.7143
3170    31.6162
3200    31.6
3236    31.6436
3273    31.6961
3305    31.699
3326    31.5962
3370    31.7143
3393    31.6321
3415    31.5421
3442    31.5
3479    31.5505
3507    31.5182
3537    31.5045
3560    31.4286
3590    31.4159
3616    31.3684
3641    31.313
3662    31.2241
3685    31.1538
3717    31.161
3755    31.2185
3788    31.2333
3813    31.1818
3844    31.1803
3870    31.1382
3895    31.0887
3935    31.16
3977    31.246
4002    31.1969
4036    31.2188
4056    31.1318
4080    31.0769
4103    31.0153
4126    30.9545
4146    30.8722
4174    30.8507
4199    30.8074
4237    30.8603
4257    30.781
4300    30.8696
4332    30.8777
4369    30.9214
4384    30.8085
4401    30.7113
4444    30.7972
4468    30.75
4509    30.8207
4542    30.8356
4576    30.8571
4623    30.9662
4661    31.0134
4681    30.94
4711    30.9338
4756    31.0263
4786    31.0196
4803    30.9286
4832    30.9161
4873    30.9808
4883    30.8471
4914    30.8481
4943    30.8365
4966    30.7875
5009    30.8634
5040    30.8642
5050    30.7362
5074    30.6951
5104    30.6909
5134    30.6867
5178    30.7665
5203    30.7321
5239    30.7633
5272    30.7765
5306    30.7953
5334    30.7791
5372    30.8208
5393    30.7644
5422    30.7543
5454    30.7614
5499    30.8418
5517    30.7697
5550    30.7821
5576    30.7556
5600    30.7182
5622    30.6703
5658    30.6995
5684    30.6739
5721    30.7081
5744    30.6667
5776    30.6738
5806    30.6702
5847    30.7249
5883    30.7526
5919    30.7801
5951    30.7865
5974    30.7461
6011    30.7784
6030    30.7179
6053    30.6786
6090    30.7107
6126    30.7374
6150    30.7035
6180    30.7
6209    30.6915
6257    30.7772
6291    30.7931
6306    30.7157
6335    30.7073
6355    30.6553
6388    30.6667
6425    30.6971
6448    30.6603
6474    30.6381
6515    30.6872
6550    30.7075
6572    30.6667
6610    30.7009
6632    30.6605
6660    30.6481
6680    30.5991
6708    30.5872
6733    30.5616
6770    30.5909
6801    30.5928
6825    30.5631
6854    30.5561
6879    30.5312
6901    30.4933
6940    30.531
6978    30.5639
7014    30.5877
7029    30.5197
7063    30.5348
7102    30.5714
7145    30.625
7186    30.6695
7230    30.7265
7261    30.7277
7286    30.7034
7317    30.7046
7346    30.6975
7375    30.6904
7417    30.7375
7454    30.7635
7496    30.8099
7523    30.7942
7547    30.7664
7578    30.7673
7606    30.7561
7640    30.7692
7671    30.7702
7716    30.8273
7742    30.808
7764    30.7729
7787    30.7421
7829    30.7866
7854    30.7638
7891    30.7882
7926    30.8047
7951    30.7821
7988    30.8062
8020    30.8108
8049    30.8038
8089    30.8391
8116    30.8244
8151    30.8403
8187    30.8598
8200    30.7925
8230    30.7895
8263    30.7978
8286    30.7687
8312    30.7509
8351    30.7815
8379    30.7712
8409    30.7684
8447    30.7949
8481    30.8066
8516    30.8218
8547    30.8225
8585    30.8484
8616    30.8489
8658    30.8889
8688    30.8857
8728    30.9181
8748    30.8794
8766    30.8339
8788    30.8028
8825    30.8246
8856    30.8252
8895    30.8537
8908    30.7917
8935    30.7785
8971    30.7966
9000    30.7904
9033    30.7979
9060    30.785
9079    30.7449
9113    30.7559
9144    30.7568
9171    30.7441
9205    30.755
9244    30.7826
9274    30.78
9302    30.7708
9334    30.7748
9353    30.736
9373    30.7007
9413    30.7311
9442    30.7255
9466    30.7036
9492    30.6883
9533    30.7217
9560    30.7097
9588    30.701
9612    30.6795
9650    30.7029
9669    30.6656
9687    30.6254
9728    30.6582
9750    30.6309
9767    30.5881
9798    30.5893
9828    30.5875
9859    30.5888
9876    30.5466
9916    30.5759
9947    30.5772
9982    30.5908
10023    30.6227
10051    30.6147
10087    30.6311
10122    30.6444
10143    30.6152
10187    30.6556
10221    30.6657
10257    30.6817
10291    30.6916
10330    30.7164
10365    30.7292
10392    30.7181
10428    30.7337
10451    30.7109
10478    30.7
10512    30.7097
10548    30.7251
10578    30.723
10614    30.7384
10633    30.7043
10675    30.737
10693    30.7003
10737    30.7385
10752    30.6934
10766    30.6457
10799    30.6524
10822    30.6307
10852    30.6289
10877    30.613
10898    30.5859
10934    30.6011
10968    30.6106
11010    30.6425
11040    30.6407
11056    30.6
11096    30.626
11142    30.6685
11154    30.6171
11185    30.6181
11237    30.6767
11266    30.6721
11299    30.6785
11342    30.712
11353    30.6585
11386    30.6649
11420    30.6739
11454    30.6828
11475    30.6568
11507    30.6604
11524    30.624
11564    30.6489
11586    30.626
11603    30.5899
11633    30.5884
11656    30.5684
11689    30.5748
11738    30.623
11771    30.6292
11804    30.6354
11828    30.6182
11849    30.5933
11868    30.5633
11887    30.5335
11911    30.5167
11936    30.5026
11967    30.5038
11989    30.4821
12021    30.486
12050    30.4822
12074    30.4658
12108    30.4747
12150    30.5038
12188    30.5226
12216    30.5163
12259    30.5475
12276    30.5137
12292    30.4776
12331    30.4988
12350    30.4703
12391    30.4963
12421    30.4951
12440    30.4668
12466    30.4559
12496    30.4548
12512    30.4195
12539    30.4112
12561    30.3908
12597    30.4044
12627    30.4034
12667    30.4265
12698    30.4279
12726    30.4221
12742    30.3876
12771    30.3842
12798    30.3762
12817    30.3492
12845    30.3436
12898    30.3972
12908    30.3491
12941    30.3553
12969    30.3498
12986    30.3185
13017    30.3201
13063    30.3566
13078    30.3209
13111    30.3271
13150    30.3472
13178    30.3418
13212    30.3502
13248    30.3632
13273    30.3509
13305    30.3547
13331    30.3447
13351    30.3212
13377    30.3114
13406    30.3084
13426    30.2851
13475    30.3273
13503    30.3221
13538    30.3326
13565    30.3251
13599    30.3333
13640    30.3571
13668    30.3519
13706    30.3689
13741    30.3792
13757    30.3473
13805    30.3863
13840    30.3965
13867    30.389
13899    30.3925
13930    30.3939
13969    30.4127
13992    30.3965
14015    30.3804
14042    30.3731
14090    30.4113
14108    30.3844
14134    30.375
14176    30.4
14203    30.3927
14219    30.3619
14253    30.3697
14277    30.3561
14309    30.3596
14352    30.3864
14382    30.3856
14420    30.4017
14437    30.3734
14454    30.3453
14500    30.3782
14522    30.3606
14544    30.3431
14574    30.3424
14600    30.3333
14628    30.3285
14648    30.3071
14672    30.294
14708    30.3058
14736    30.301
14762    30.2922
14790    30.2875
14814    30.2746
14852    30.2904
14875    30.2755
14895    30.2546
14932    30.2683
14967    30.2779
15007    30.2976
15032    30.2869
15064    30.2903
15095    30.2918
15133    30.3072
15171    30.3226
15189    30.298
15204    30.2675
15227    30.253
15264    30.2664
15297    30.2718
15331    30.2792
15355    30.2668
15394    30.284
15423    30.2815
15452    30.279
15498    30.3098
15532    30.317
15551    30.2949
15589    30.3099
15617    30.3054
15647    30.3049
15673    30.2965
15705    30.2998
15737    30.3031
15762    30.2929
15787    30.2827
15821    30.2898
15835    30.2586
15872    30.2715
15901    30.2691
15927    30.261
15957    30.2605
15989    30.2638
16012    30.25
16050    30.2647
16076    30.2566
16106    30.2561
16124    30.2331
16169    30.2608
16191    30.2453
16213    30.2299
16240    30.2239
16273    30.2291
16284    30.1933
16314    30.1929
16354    30.2111
16392    30.2255
16420    30.2214
16452    30.2247
16488    30.2353
16524    30.2459
16564    30.2637
16581    30.2395
16605    30.2281
16633    30.224
16652    30.2036
16691    30.2196
16737    30.2482
16751    30.2188
16781    30.2184
16824    30.2414
16860    30.2518
16871    30.2172
16899    30.2133
16912    30.1825
16949    30.1946
16968    30.1747
16991    30.1619
17036    30.1883
17053    30.1649
17095    30.1858
17135    30.2032
17146    30.1693
17171    30.1602
17208    30.1722
17239    30.1737
17270    30.1751
17310    30.1923
17342    30.1955
17371    30.1934
17400    30.1913
17433    30.1962
17455    30.182
17493    30.1955
17525    30.1986
17572    30.2276
17600    30.2238
17635    30.232
17672    30.2436
17702    30.2432
17735    30.2479
17757    30.2338
17784    30.2283
17814    30.2279
17839    30.219
17859    30.2017
17881    30.1878
17906    30.1791
17950    30.2024
17966    30.1785
17990    30.1681
18014    30.1577
18043    30.1558
18082    30.1706
18124    30.1903
18146    30.1767
18174    30.173
18215    30.191
18237    30.1774
18265    30.1738
18305    30.1901
18321    30.1667
18361    30.1829
18385    30.1727
18413    30.1691
18436    30.1574
18458    30.144
18513    30.1846
18529    30.1615
18566    30.1726
18596    30.1724
18632    30.1818
18658    30.175
18696    30.1877
18742    30.2132
18777    30.221
18814    30.2319
18836    30.2186
18860    30.2087
